name_brutto name_isomer mu rho sigma eps_dk delta dH0 T_range f_ranges
B2O3(c)  69.618 1850 0 0 0 -1273501 '298.15,723,3200,6000' '[[185.54,64.141,-0.00918,1.88534,323.215,0,0],[373.348,127.047,0.015692,1.599999,0,0,0],[373.237,127.353,0,1.79607,0,0,0]]'
Al2O3(c)  101.961 3990 0 0 0 -1675702 '298.15,500,1200,2327,6000' '[[268.335,97.056,-0.01318,2.94977,195.1,0,0],[330.767,122.679,-0.02512,4.30663,34.39,0,0],[303.958,107.571,0,2.77278,82.845,0,0],[415.727,162.9,0,0.021846,0,0,0]]'
B4C(c)  55.251 2500 0 0 0 -62000 '298.15,2700,6000' '[[265.671,105.922,-0.02397,4.21671,2.535,178.233,0],[330.684,184.592,0,18.079,0,0,0]]'
BN(c)  24.817 2500 0 0 0 -250500 '298.15,1200,3240,6000' '[[46.0826,18.732,-0.00423,0.741134,194.43,-207.73,0],[118.539,51.635,-0.03437,3.10993,0,0,0],[145.818,67,0,-0.22395,0,0,0]]'
C(c)  12.011 2500 0 0 0 0 '298.15,1200,5000,6000' '[[-3.7225,0.849,-0.8935e-3,0.133597,193.215,-362.92,350.083],[61.1076,27.852,-0.01983,1.79049,-14.44,15.8333,0],[78.8834,27,0,-9.0632,0,0,0]]'
SiC(c)  40.097 2500 0 0 0 -71900 '298.15,3103,6000' '[[83.3558,32.049,-0.00546,1.10622,134.85,-202.68,163.167],[154.27,63,0,-1.2358,0,0,0]]'
Fe3C(c)  179.552 2500 0 0 0 25102 '298.15,485,1500,6000' '[[289.896,82.1736,0,1.01043,418.4,0,0],[389.584,107.194,0,0.684292,62.76,0,0],[461.495,128.03,0,-2.7612,0,0,0]]'
B2O3  69.618 0 4.160 2092 0.3 -835441 '298.15,3000,6000' '[[422.883,62.7197,-0.00517,0.992423,258.644,-359.15,255.815],[517.755,107.147,0,4.2173,0,0,0]]'
CO2  44.010 0 3.870 216 0 -393540 '298.15,3000,6000' '[[287.301,33.9061,-0.00232,0.362556,157.737,-210.96,147.732],[341.513,57.5835,0,1.69685,7.17241,0,0]]'
H2O  18.0152 0 2.830 454.6 1.337 -241815 '298.15,6000' '[[248.138,25.3313,0.001241,-0.23541,97.4649,-62.643,22.5684]]'
N2  28.0134 0 3.8 71 0 0 '298.15,3000,6000' '[[246.291,22.8405,0.001156,-0.20687,69.4563,-81.733,51.4108],[272.796,35.8068,0,0.797201,2.13941,0,0]]'
O2  31.999 0 3.47 107 0 0 '298.15,2000,6000' '[[254.806,21.9771,0.00073,-0.17071,114.092,-211.01,216.919],[288.231,37.7767,-0.04811,1.47484,5.57317,0,0]]'
CO  28.0104 0 3.714 100.2 0.007 -110527 '298.15,3000,6000' '[[251.996,22.8694,0.001034,-0.19362,74.3631,-92.796,61.365],[279.666,36.0818,0,0.785593,1.98849,0,0]]'
SiO  44.0854 0 3.374 569.0 0.000 -98843 '298.15,1800,6000' '[[258.621,21.6615,0.000525,-0.14735,146.478,-333.17,394.701],[315.225,50.0208,-0.07618,2.92181,-28.873,12.531,0]]'
FeO  71.8464 0 3.004 538.0 0.000 271085 '298.15,6000' '[[318.294,32.806,0.001292,-0.11685,30.3164,-9.2322,0]]'
SiO2  60.0848 0 3.710 2954.0 0.000 -322232 '298.15,6000' '[[356.081,54.173,-0.00557,0.978479,32.9857,-28.833,12.0507]]'
Fe2O3(c)  159.6922 5242 0 0 0 -823001 '298.15,955,1812,6000' '[[-133.02,-27.583,0.00327,-0.45327,3180.05,-0.1457e5,37992.5],[417.852,132.675,0,2.05207,36.82,0,0],[506.515,165,0,-2.7996,0,0,0]]'
FeO2  87.8458 0 3.403 508.8 0.000 99357 '298.15,6000' '[[397.914,55.5818,-0.00633,1.03274,6.53705,-2.5961,0]]'
BO  26.8094 0 2.940 596.0 0.000 9887 '298.15,3000,6000' '[[258.663,23.4466,0.00071,-0.15124,78.1051,-104.38,73.0028],[283.45,31.2387,0.089648,-0.91996,7.2677,0,0]]'
B2O2  53.6188 0 4.500 349.0 0.000 -461836 '298.15,6000' '[[405.385,66.2077,-0.00497,1.04606,79.9904,-67.533,27.5948]]'
BO2  42.8088 0 3.900 800.0 0.000 -292177 '298.15,3000,6000' '[[332.15,44.7398,-0.00337,0.579786,113.705,-170.04,129.126],[367.245,58.4392,0,1.07725,6.68047,0,0]]'
Fe  55.8470 0 2.325 11507.2 0.000 415157 '298.15,3000,6000' '[[261.502,30.9251,-0.6348e-3,0.218992,-74.112,127.732,-90.793],[224.682,9.09436,0.136944,-3.1515,23.5094,0,0]]'
NO  30.00061 0 3.490 117.0 0.004 91258 '298.15,3000,6000' '[[266.332,23.4655,0.001003,-0.22097,77.9134,-103.93,72.6972],[293.555,35.6799,0,0.553136,2.99921,0,0]]'
O  15.9994 0 3.050 107.0 0.000 249176 '298.15,6000' '[[214.24,20.9723,0.000453,-0.07917,-1.1857,1.30677,0]]'
Al(c)  26.9815 2700 0 0 0 0 '298.15,933.61,6000' '[[98.0928,27.527,-0.9830e-3,0.408678,-40.23,269.45,0],[114.991,31.75,0,-0.376,0,0,0]]'
B(c)  10.81 2340 0 0 0 0 '298.15,2348,6000' '[[34.8039,14.924,-0.0036,0.63086,80.855,-108.27,87.75],[88.2538,31.4,0,-3.006,0,0,0]]'
C6H6 benzene 78.1134 0 5.000 300.0 0.0 82514 '298.15,2000,4000,6000' '[[215.761,19.5234,-0.00984,1.15187,1651.2,-2793.5,2591.61],[768.166,277.117,-0.44164,23.3945,4.97929,0,0],[775.028,275.6,0,19.7828,0,0,0]]'
C6H14 n-hexane 86.1766 0 5.000 300.0 0.0 -166997 '298.15,1500,6000' '[[96.454,-42.71,0.005241,-1.7376,3507.56,-7215.2,8704.04],[1165.82,388.484,0,19.5748,0,0,0]]'
C7H16 n-heptane 100.2034 0 6.25 537 0 -187626 '298.15,1500' '[[141.54,-32.1019,0.0029648,-1.45557,3832.301,-7676.31,8960.6]]'
C8H18 n-octane 114.2302 0 6.414 458.5 0.0 -208278 '298.15,1500' '[[163.731,-28.862,0.001827,-1.3907,4268.15,-8500.5,9752.38]]'
C9H12 unknown 120.1938 0 5.000 300.0 0.0 3952 '298.15,1000' '[[519.863,73.7463,0,3.00296,906.847,0,0]]'
C9H18 1-nonene 126.2412 0 5.000 300.0 0.0 -168258 '298.15,1000' '[[609.199,85.9817,0,3.50271,1059.03,0,0]]'
C10H22 n-decane 142.2838 0 5.000 300.0 0.0 -249601 '298.15,1500' '[[147.969,-41.528,0.002425,-1.8117,5440.24,-0.1121e5,13207]]'